accuracy : 0.4819444417953491
loss : 1.4157155752182007
val_accuracy : 0.550000011920929
val_loss : 1.3740483522415161